time,tem,hum,pre,rad,ConfirmedCases,Diff,Res,SPred
2011-04-01,13.87680556,87.95277778,0.234861111,142.1541667,23,,23.0,
2011-05-01,17.19758065,89.89650538,0.389516129,112.7553763,14,-9.0,-8.996415089060168,
2011-06-01,19.51416667,93.05,0.746527778,82.69722222,1,-13.0,-13.001721033039145,
2011-07-01,19.69153226,96.96774194,1.312365591,29.43010753,14,13.0,12.994755800477755,
2011-08-01,19.67553763,93.45430108,1.041263441,71.89650538,0,-14.0,-13.99703921884324,
2011-09-01,19.24736111,91.98472222,0.567638889,92.30416667,1,1.0,0.998303006105159,
2011-10-01,15.62163978,87.07258065,0.123790323,119.983871,0,-1.0,-1.0022379310940988,
2011-11-01,11.13833333,87.88055556,0.105972222,97.95416667,0,0.0,-0.0013637116250861117,
2011-12-01,9.297043011,86.57526882,0.041935484,84.69489247,1,1.0,1.0025659946373464,
2012-01-01,4.728629032,85.18413978,0.082795699,80.93145161,3,2.0,1.9988360532009033,
2012-02-01,8.247701149,86.42241379,0.135488506,110.204023,8,5.0,4.998878948752056,
2012-03-01,10.56733871,86.43682796,0.199462366,136.9099462,25,17.0,17.002669406896715,
2012-04-01,14.03638889,89.66666667,0.362916667,115.8888889,34,9.0,-2.496447087913495,
2012-05-01,17.4516129,86.55645161,0.243145161,150.0040323,8,-26.0,-17.005867287311744,
2012-06-01,19.78680556,94.11527778,1.319166667,63.26527778,0,-8.0,-0.24602090574470203,
2012-07-01,20.12983871,96.22580645,1.450268817,37.14112903,23,23.0,8.33813898977348,
2012-08-01,20.17150538,92.33064516,0.640994624,78.15456989,71,48.0,65.71405512165023,
2012-09-01,19.06680556,93.09444444,0.807083333,76.70416667,37,-34.0,-8.353048720841336,
2012-10-01,15.19233871,86.08870968,0.235752688,121.4879032,34,-3.0,-0.33749950414866703,
2012-11-01,11.71722222,82.44722222,0.021666667,112.8958333,11,-23.0,-24.760309671895605,
2012-12-01,8.591935484,84.63172043,0.04327957,85.78629032,6,-5.0,-13.45711563027308,
2013-01-01,7.145833333,77.17741935,0.036290323,117.0080645,23,17.0,10.857950681304937,
2013-02-01,9.220982143,81.73511905,0.091815476,135.9985119,2,-21.0,-25.38049519732494,
2013-03-01,11.91370968,87.95295699,0.215994624,123.8602151,6,4.0,-22.472680087142603,
2013-04-01,14.21375,89.01666667,0.271111111,122.1277778,3,-3.0,-21.19447222676679,
2013-05-01,17.10577957,90.60483871,0.507392473,100.0497312,0,-3.0,4.367330667552631,
2013-06-01,19.99805556,92.975,0.887777778,79.5125,18,18.0,29.02024606732307,
2013-07-01,19.96034946,95.88709677,0.934408602,44.34274194,10,-8.0,-14.605391314005306,
2013-08-01,19.74448925,92.77553763,0.463306452,70.87903226,13,3.0,-19.187740735776018,
2013-09-01,18.94041667,92.17361111,0.449861111,100.9847222,2,-11.0,-5.88087324192073,
2013-10-01,15.68037634,89.00672043,0.183198925,107.8575269,1,-1.0,-2.0225901852997343,
2013-11-01,11.76861111,81.9,0.060694444,126.5194444,2,1.0,10.542603068260307,
2013-12-01,8.347849462,81.9422043,0.054032258,80.10349462,0,-2.0,0.6794252540037045,
2014-01-01,8.51922043,79.23924731,0.029166667,107.5577957,2,2.0,-6.495209535706133,
2014-02-01,8.352529762,85.55654762,0.118154762,93.71428571,17,15.0,20.439319012074435,
2014-03-01,11.01518817,88.6155914,0.221102151,122.358871,86,69.0,63.71677431131376,
2014-04-01,14.05388889,88.08194444,0.188888889,149.8319444,34,-52.0,-25.98588625116625,
2014-05-01,17.23830645,91.27822581,0.633602151,90.04569892,16,-18.0,-8.496792208659748,
2014-06-01,19.81833333,93.29861111,0.672916667,75.15694444,42,26.0,21.3725391319741,
2014-07-01,20.32486559,95.25134409,0.80672043,63.34408602,48,6.0,7.413727063927844,
2014-08-01,19.76061828,95.4233871,1.472715054,49.88306452,31,-17.0,-20.342138973109236,
2014-09-01,18.54694444,92.775,0.664166667,87.30416667,35,4.0,7.880065161573352,
2014-10-01,15.19771505,85.94623656,0.086962366,134.6827957,19,-16.0,-12.152253672788923,
2014-11-01,12.57194444,88.79861111,0.064027778,83.91666667,5,-14.0,-4.442916742968832,
2014-12-01,9.683736559,83.63037634,0.045967742,91.75134409,0,-5.0,-8.89921198227919,
2015-01-01,7.777284946,77.65456989,0.047043011,117.9919355,3,3.0,-12.02233286177682,
2015-02-01,8.513244048,85.45089286,0.114285714,115.1800595,42,39.0,39.76985177707638,
2015-03-01,12.04825269,88.25403226,0.18561828,122.6424731,79,37.0,21.90205804592759,
2015-04-01,13.66569444,91.16944444,0.406666667,107.5736111,35,-44.0,-22.45624943395191,
2015-05-01,17.32526882,89.9905914,0.369354839,100.7876344,24,-11.0,0.37245624227790586,
2015-06-01,19.60347222,93.85138889,0.815138889,73.3375,7,-17.0,-22.12478239700989,
2015-07-01,20.06370968,92.78763441,0.687634409,75.97580645,16,9.0,-11.808143131462781,
2015-08-01,19.77580645,95.3938172,1.408333333,43.40591398,13,-3.0,-12.7588494912893,
2015-09-01,19.18819444,92.63888889,0.629722222,79.3125,11,-2.0,1.9129391298893061,
2015-10-01,15.70564516,86.79704301,0.094489247,126.9072581,12,1.0,0.5574083664404661,
2015-11-01,12.29652778,87.90138889,0.072361111,99.47777778,6,-6.0,3.354611671112533,
2015-12-01,7.786424731,84.80241935,0.069892473,84.20698925,8,2.0,6.585187488313282,
2016-01-01,5.654032258,83.21639785,0.059408602,103.2150538,37,29.0,21.20001715812368,
2016-02-01,9.758764368,87.62068966,0.150431034,90.22701149,44,7.0,8.53900886552448,
2016-03-01,12.10403226,89.71505376,0.345833333,115.266129,45,1.0,-22.247195710037033,
2016-04-01,15.60652778,87.83333333,0.275,115.4402778,41,-4.0,6.818793404832235,
2016-05-01,16.84650538,89.57526882,0.332258065,98.48387097,15,-26.0,-12.20356686030997,
2016-06-01,19.60819444,93.40555556,0.961805556,71.95972222,3,-12.0,-14.061596368455117,
2016-07-01,19.94811828,97.18010753,1.542204301,29.94354839,32,29.0,11.941692121894349,
2016-08-01,20.53857527,90.98790323,0.356989247,98.43413978,48,16.0,11.629950988566705,
2016-09-01,19.22319444,94.96666667,0.721666667,51.89027778,4,-44.0,-25.585382762384434,
2016-10-01,16.6108871,87.53629032,0.231317204,115.6196237,17,13.0,7.380296898034441,
2016-11-01,13.27291667,84.75138889,0.020694444,117.9180556,8,-9.0,-4.95966057390827,
2016-12-01,11.00443548,83.5188172,0.018817204,106.3938172,5,-3.0,0.020387574081048854,
2017-01-01,6.911424731,79.90456989,0.039516129,118.7352151,7,2.0,-5.8240772642505725,
2017-02-01,10.34017857,86.57738095,0.120982143,111.7991071,7,0.0,-18.71769244681696,
2017-03-01,10.06169355,89.85483871,0.268951613,114.577957,27,20.0,-14.260654207178334,
2017-04-01,14.57027778,88.52638889,0.306805556,117.1152778,22,-5.0,10.585517746284397,
2017-05-01,17.09032258,90.36021505,0.341129032,107.1680108,31,9.0,19.17859337508301,
2017-06-01,19.6325,92.62638889,0.804166667,81.58611111,24,-7.0,1.2841871749694533,
2017-07-01,19.97916667,94.5,0.998252688,61.55510753,59,35.0,30.893466035968753,
2017-08-01,20.28051075,94.81182796,1.363978495,55.85349462,86,27.0,29.952269006497154,
2017-09-01,19.47958333,94.17222222,0.677916667,70.56111111,95,9.0,37.2319861467267,
2017-10-01,16.60887097,89.54032258,0.224865591,109.3857527,47,-48.0,-17.512210990694896,
2017-11-01,12.30666667,83.92361111,0.041111111,121.0083333,33,-14.0,-9.966964670979138,
2017-12-01,11.60201613,84.03360215,0.012768817,98.13844086,6,-27.0,-30.50972343295438,
2018-01-01,7.856586022,82.29032258,0.033467742,107.5295699,25,19.0,5.279409335492744,
2018-02-01,9.156696429,88.65029762,0.182589286,91.69791667,18,-7.0,-14.55830257746856,
2018-03-01,11.08897849,89.05645161,0.322311828,112.5967742,64,46.0,8.587330376376954,
2018-04-01,13.89263889,89.89722222,0.310277778,121.0694444,77,13.0,38.207244577223854,
2018-05-01,16.42594086,91.42204301,0.433064516,93.89516129,27,-50.0,-20.03921987087761,
2018-06-01,19.66819444,93.52916667,0.87375,70.62222222,35,8.0,-1.1598457227347012,
2018-07-01,20.31384409,95.43817204,0.932123656,50.12634409,20,-15.0,-26.69407930577239,
2018-08-01,20.32567204,94.79973118,0.670026882,62.01344086,15,-5.0,-21.981216937270958,
2018-09-01,19.31986111,92.72361111,0.996805556,79.41111111,21,6.0,0.7637768363547792,
2018-10-01,14.40067204,86.61424731,0.119758065,120.141129,36,15.0,19.184101217674765,
2018-11-01,11.80430556,85.59722222,0.063472222,104.5083333,4,-32.0,-12.423578802393031,
2018-12-01,8.188037634,79.75268817,0.05094086,100.1142473,39,35.0,30.08756959033229,
2019-01-01,6.5625,75.58467742,0.027956989,131.0362903,112,73.0,72.76639123211356,
2019-02-01,7.448214286,86.91517857,0.194642857,94.39285714,44,-68.0,-34.357703145882894,
2019-03-01,10.13413978,89.33736559,0.22688172,112.6182796,92,48.0,12.765331046861903,
2019-04-01,14.21833333,89.07361111,0.337638889,114.6763889,58,-34.0,-17.978790100021342,
2019-05-01,17.17123656,91.58602151,0.485349462,91.28225806,30,-28.0,-12.896539995438793,
2019-06-01,19.70319444,91.8,1.015277778,90.80416667,39,9.0,7.544907947164603,
2019-07-01,20.20537634,95.35349462,1.439112903,49.03091398,129,90.0,74.4725525216089,
2019-08-01,20.53534946,92.19489247,0.495833333,92.97177419,80,-49.0,-19.83695474103996,
2019-09-01,18.96888889,94.68472222,0.729861111,53.27777778,47,-33.0,-19.124686665100043,
2019-10-01,16.00591398,88.91801075,0.134139785,93.57258065,17,-30.0,-36.50131007648221,
2019-11-01,14.00069444,87.43333333,0.083194444,86.69166667,11,-6.0,-11.027480765621,
2019-12-01,8.408602151,81.62768817,0.036827957,95.61424731,3,-8.0,-5.950014093706272,
2020-01-01,5.85483871,82.43413978,0.068413978,93.41935484,21,18.0,-8.562500739050115,
2020-02-01,7.269683908,86.24281609,0.119827586,113.0977011,52,31.0,22.3282463539651,
2020-03-01,10.65013441,90.28225806,0.232258065,116.483871,31,-21.0,-36.26015204442915,
2020-04-01,12.85152778,91.13333333,0.455555556,118.9694444,0,-31.0,-34.47401471409837,
2020-05-01,16.25981183,91.58736559,0.688575269,95.66666667,0,0.0,-8.2586708331945,
2020-06-01,19.48236111,95.40416667,1.343611111,60.60694444,0,0.0,-4.290582838895785,
2020-07-01,20.06196237,97.65994624,1.653763441,27.87231183,0,0.0,-22.451375532683954,
2020-08-01,20.65,93.00537634,0.693817204,81.9516129,0,0.0,-24.508985966012773,
2020-09-01,19.64902778,95.16944444,1.12875,52.01805556,0,0.0,-3.3685429743264517,
2020-10-01,18.10416667,85.20430108,0.1,121.0188172,0,0.0,3.1215068496981644,
2020-11-01,12.32222222,82.29444444,0.036388889,115.8333333,0,0.0,1.186467212599057,
2020-12-01,9.864919355,83.44086022,0.031451613,89.34543011,0,0.0,-2.0641666912817946,
2021-01-01,9.013978495,84.68010753,0.060887097,80.87365591,0,0.0,-17.04147284085314,
2021-02-01,9.439285714,82.2485119,0.077232143,126.5982143,0,0.0,-14.568496821635337,
2021-03-01,11.61182796,89.68145161,0.272580645,122.8817204,0,0.0,-38.902514013250446,
2021-04-01,13.65416667,87.48055556,0.249444444,145.0222222,0,0.0,0.9381161030353102,
2021-05-01,16.95860215,92.58064516,0.445967742,80.21908602,0,0.0,6.063809717386232,
2021-06-01,19.64736111,94.04722222,0.842638889,76.29444444,0,0.0,-6.801586553808478,
2021-07-01,20.30537634,95.34677419,0.837903226,54.23790323,0,0.0,-18.571063419170944,
2021-08-01,20.10483871,96.1733871,1.258333333,41.89784946,0,0.0,-14.833790240181587,
2021-09-01,19.14291667,91.20972222,0.245416667,103.9222222,0,0.0,-6.69910621217371,
2021-10-01,17.38803763,89.52956989,0.397177419,104.7594086,0,0.0,5.529791653439382,
2021-11-01,12.13013889,87.04305556,0.036944444,96.90555556,0,0.0,9.486614459479624,
2021-12-01,9.427688172,82.43145161,0.045430108,98.98521505,0,0.0,-4.570706746797863,
2022-01-01,4.939112903,84.60887097,0.055510753,110.5,0,0.0,-16.313327608792136,
2022-02-01,5.435267857,87.41666667,0.184970238,104.0327381,44,44.0,37.966012903731944,
2022-03-01,12.88225806,84.65860215,0.147311828,144.4005376,0,-44.0,-60.35666830532739,
2022-04-01,15.60819444,90.85,0.43125,85.53055556,8,8.0,1.6375156352985796,
2022-05-01,17.3422043,90.60349462,0.439516129,110.1935484,3,-5.0,9.548181495150088,
2022-06-01,19.11583333,95.69722222,1.698472222,41.07638889,0,-3.0,-9.997366650077138,
2022-07-01,20.54677419,91.94758065,0.698252688,87.55241935,1,1.0,,20.68663133625984
2022-08-01,20.54919355,93.25268817,0.612096774,87.10349462,0,-1.0,,18.827288509651392
2022-09-01,18.86152778,94.24305556,0.600972222,71.36527778,36,36.0,,17.898560650923258
2022-10-01,16.28561828,87.90994624,0.362768817,103.1344086,148,112.0,,12.23290424838277
2022-11-01,12.54236111,81.55972222,0.011666667,129.4222222,83,-65.0,,-2.5965014958813164
2022-12-01,10.00430108,85.5188172,0.037096774,96.14247312,38,-45.0,,2.839705823335631
2023-01-01,8.763306452,79.79569892,0.033602151,101.8548387,25,-13.0,,21.316690582405137
2023-02-01,9.388541667,87.93452381,0.158779762,96.32886905,38,13.0,,17.5315948749345
2023-03-01,10.70443548,90.1733871,0.255510753,117.1115591,39,1.0,,39.49293282263066
2023-04-01,13.83027778,88.70416667,0.356527778,120.6333333,101,62.0,,30.159267479883574
2023-05-01,15.88938172,88.24865591,0.332258065,134.4704301,61,-40.0,,10.006379366066673
2023-06-01,19.24458333,92.53611111,1.066111111,88.33888889,47,-14.0,,11.457118687626284
