time,tem,hum,pre,rad,ConfirmedCases,Diff,Res,SPred
2009-02-01,24.16651786,31.30505952,0.0,198.6815476,1,,1.0,
2009-03-01,26.95188172,25.43951613,0.008064516,210.8172043,1,0.0,-0.0023559563204633704,
2009-04-01,30.905,19.02083333,0.005555556,242.3055556,0,-1.0,-0.9538256384110175,
2009-05-01,33.30403226,25.46774194,0.008467742,224.6854839,0,0.0,0.019783702173504933,
2009-06-01,31.22833333,44.30833333,0.129166667,173.1875,86,86.0,85.92832762061904,
2009-07-01,24.24086022,86.93682796,0.568010753,54.55510753,239,153.0,152.84645203351485,
2009-08-01,24.42271505,83.23924731,0.352688172,74.54166667,2083,1844.0,1850.8603048046566,
2009-09-01,25.30527778,75.51944444,0.359027778,139.6055556,1134,-949.0,-936.3739418419273,
2009-10-01,23.46518817,58.98252688,0.093413978,153.3978495,574,-560.0,-400.44415160758695,
2009-11-01,20.3625,64.83611111,0.071805556,127.3944444,506,-68.0,-86.70389544885779,
2009-12-01,19.28642473,59.17876344,0.019086022,137.0860215,408,-98.0,-138.89148468771316,
2010-01-01,18.10577957,47.04704301,0.003897849,169.4327957,490,82.0,58.25151277718453,
2010-02-01,21.42931548,50.2797619,0.051934524,163.1517857,475,-15.0,-30.505943958867306,
2010-03-01,28.51626344,26.18145161,0.001478495,213.7002688,419,-56.0,-63.367311945267375,
2010-04-01,32.39125,18.92361111,0.000416667,241.1833333,225,-194.0,-208.06776889048592,
2010-05-01,33.90067204,25.38844086,0.001075269,220.7715054,178,-47.0,-84.12064766884953,
2010-06-01,30.30763889,55.57222222,0.179444444,160.4291667,159,-19.0,-213.41838659259236,
2010-07-01,24.72379032,86.95026882,0.548655914,57.12634409,757,598.0,421.15734215106147,
2010-08-01,24.22177419,87.50403226,0.4125,54.76209677,2137,1380.0,-343.18510098549723,
2010-09-01,24.23791667,80.36666667,0.173055556,100.8263889,529,-1608.0,-651.4934452843233,
2010-10-01,23.81370968,68.9422043,0.072446237,136.7836022,42,-487.0,-176.16231521602242,
2010-11-01,22.04472222,72.67361111,0.063888889,120.1527778,10,-32.0,-276.46103498126575,
2010-12-01,17.87647849,56.08602151,0.006451613,137.0752688,1,-9.0,-95.51851830712363,
2011-01-01,17.76895161,42.6438172,0.0,173.188172,71,70.0,-144.45459147440067,
2011-02-01,21.74613095,40.54315476,0.002827381,183.735119,57,-14.0,-53.36075833551563,
2011-03-01,26.575,27.31451613,0.000537634,225.8978495,40,-17.0,-81.84149258373093,
2011-04-01,28.58319444,33.64722222,0.015555556,215.1111111,11,-29.0,13.45537320495594,
2011-05-01,32.30672043,28.57526882,0.01061828,216.2392473,28,17.0,-20.459565914952428,
2011-06-01,27.08222222,68.91666667,0.313888889,110.0986111,157,129.0,73.00047793208398,
2011-07-01,24.08225806,86.03225806,0.567069892,67.10080645,338,181.0,-188.9542771064888,
2011-08-01,23.58938172,88.76075269,0.482930108,53.14112903,170,-168.0,-1628.3890073859654,
2011-09-01,23.77833333,82.15833333,0.290416667,97.54722222,96,-74.0,919.0326606092433,
2011-10-01,24.3233871,54.6344086,0.002016129,171.1102151,133,37.0,-151.9163411132687,
2011-11-01,21.83527778,49.75555556,0.0,165.5458333,120,-13.0,168.43397014219335,
2011-12-01,19.15147849,49.50134409,0.004301075,154.6626344,133,13.0,89.26273932942622,
2012-01-01,17.03844086,59.95295699,0.038306452,138.6733871,141,8.0,69.78983635898875,
2012-02-01,21.25272989,39.83045977,0.001867816,197.1106322,85,-56.0,88.70291574479435,
2012-03-01,26.07204301,21.11962366,0.0,238.4139785,350,265.0,346.9621545322051,
2012-04-01,30.25361111,24.31388889,0.001388889,224.5763889,311,-39.0,116.11979675987493,
2012-05-01,32.62688172,23.78897849,0.013978495,227.219086,115,-196.0,-5.533925445980344,
2012-06-01,29.07833333,54.73611111,0.079166667,137.0833333,103,-12.0,22.37377246746391,
2012-07-01,24.14314516,85.86155914,0.621505376,45.95564516,255,152.0,-56.6097021628417,
2012-08-01,23.29811828,88.35215054,0.540994624,50.22715054,355,100.0,-650.0109159727181,
2012-09-01,24.01694444,82.10277778,0.290972222,102.7305556,614,259.0,841.8356975043741,
2012-10-01,22.85147849,58.87634409,0.039112903,170.0241935,433,-181.0,-131.91896882540289,
2012-11-01,20.46958333,53.21527778,0.008055556,146.2194444,192,-241.0,64.16922537786382,
2012-12-01,19.31223118,52.23387097,0.005376344,147.3252688,104,-88.0,4.426723118319515,
2013-01-01,18.20255376,48.72715054,0.010483871,152.4260753,118,14.0,45.11041596073309,
2013-02-01,20.67514881,56.60863095,0.048809524,166.985119,215,97.0,192.63169674769443,
2013-03-01,25.43508065,35.32930108,0.016129032,211.4139785,304,89.0,55.28395925314291,
2013-04-01,29.32486111,32.00972222,0.018055556,225.2305556,263,-41.0,118.80715918616721,
2013-05-01,33.625,21.60752688,0.0,224.7083333,154,-109.0,42.88025651250081,
2013-06-01,26.17638889,75.92222222,0.446805556,82.00833333,153,-1.0,42.64320011888137,
2013-07-01,23.46129032,89.05107527,0.766801075,38.23521505,309,156.0,-17.000306355420776,
2013-08-01,22.97930108,89.07258065,0.666666667,36.28897849,168,-141.0,-765.7242444119547,
2013-09-01,24.38555556,81.55555556,0.110555556,119.0083333,78,-90.0,233.71414432955385,
2013-10-01,22.4733871,79.58198925,0.144623656,110.3387097,23,-55.0,-116.90639913586534,
2013-11-01,20.30986111,56.175,0.0,152.7708333,31,8.0,89.46478698191069,
2013-12-01,18.53736559,53.41129032,0.0,150.3360215,89,58.0,74.27529541596853,
2014-01-01,18.5186828,61.99865591,0.015994624,133.9704301,36,-53.0,-36.830254488006474,
2014-02-01,19.87797619,52.65922619,0.087797619,166.9642857,33,-3.0,48.55184570745978,
2014-03-01,23.24663978,53.55376344,0.029301075,193.2231183,64,31.0,-23.615001731384837,
2014-04-01,29.55472222,28.80833333,0.005972222,231.6722222,56,-8.0,63.644218730294945,
2014-05-01,31.39798387,30.54704301,0.005376344,216.7634409,44,-12.0,61.80131231319963,
2014-06-01,31.39930556,42.95,0.038055556,175.1625,133,89.0,93.23379542390968,
2014-07-01,25.59596774,76.43817204,0.470698925,67.10080645,183,50.0,-112.37083079621368,
2014-08-01,24.40430108,84.18548387,0.304569892,91.13575269,186,3.0,-432.94705829907264,
2014-09-01,24.19319444,79.46388889,0.164027778,116.2888889,86,-100.0,221.27698295941477,
2014-10-01,23.8327957,66.53225806,0.023252688,145.0537634,37,-49.0,-26.141705867766404,
2014-11-01,21.87319444,56.05416667,0.032916667,150.2236111,27,-10.0,71.0623671951443,
2014-12-01,17.96451613,54.3655914,0.0125,145.9233871,6,-21.0,9.056287705236244,
2015-01-01,17.47930108,59.0,0.013306452,141.2379032,60,54.0,97.49236310237431,
2015-02-01,21.99613095,46.4077381,0.044494048,177.5625,1953,1893.0,1951.9036307693943,
2015-03-01,23.03723118,54.42204301,0.122177419,192.7204301,2916,963.0,1256.764714493933,
2015-04-01,27.72291667,41.51527778,0.041527778,215.2277778,152,-2764.0,-1590.1473906495444,
2015-05-01,32.2405914,31.03360215,0.018548387,219.1021505,35,-117.0,647.1642263790166,
2015-06-01,27.59708333,68.42916667,0.325555556,121.7819444,11,-24.0,-395.7330224986624,
2015-07-01,24.5563172,80.08870968,0.249327957,67.19623656,22,11.0,-62.610839599754954,
2015-08-01,24.20134409,85.1438172,0.420967742,69.49327957,186,164.0,-406.0160054866593,
2015-09-01,24.58652778,78.92777778,0.150277778,133.8930556,226,40.0,268.6650236513459,
2015-10-01,24.40430108,65.6061828,0.055107527,153.6747312,166,-60.0,-60.97050076748269,
2015-11-01,22.1025,63.43611111,0.000277778,143.0694444,37,-129.0,-38.358403158392576,
2015-12-01,19.51451613,50.1155914,0.003091398,145.4327957,9,-28.0,-15.938737515837428,
2016-01-01,18.79448925,51.18682796,0.004569892,155.3091398,10,1.0,-42.49456483791553,
2016-02-01,22.91336207,46.22270115,0.008908046,166.5775862,35,25.0,-526.7513266905078,
2016-03-01,25.99784946,41.37365591,0.034408602,204.8051075,4,-31.0,-447.14528627121103,
2016-04-01,31.45805556,25.41666667,0.007777778,233.1930556,6,2.0,489.59914911109536,
2016-05-01,31.92473118,34.87365591,0.017876344,216.4166667,3,-3.0,-173.29296828902991,
2016-06-01,29.66930556,58.33611111,0.276805556,152.9152778,6,3.0,71.85726004714518,
2016-07-01,23.96854839,88.96505376,0.86733871,39.62231183,17,11.0,-164.70208723750278,
2016-08-01,23.5077957,87.26747312,0.40483871,43.94623656,14,-3.0,-425.20354300628026,
2016-09-01,24.28194444,83.09027778,0.2575,86.52083333,4,-10.0,144.889844178518,
2016-10-01,22.75981183,68.08064516,0.071236559,152.1317204,7,3.0,-39.10445268632441,
2016-11-01,20.30888889,51.08611111,0.0,169.3236111,2,-5.0,54.69567099842361,
2016-12-01,18.93575269,49.86290323,0.0,161.5080645,7,5.0,21.168867277850897,
2017-01-01,18.64408602,53.04569892,0.002284946,158.6424731,260,253.0,268.4018538107751,
2017-02-01,22.42247024,41.25297619,0.014136905,192.9717262,397,137.0,13.303882102964167,
2017-03-01,26.33145161,28.30241935,0.000134409,223.2983871,277,-120.0,-100.46509947407844,
2017-04-01,31.35361111,17.19027778,0.0,249.0083333,258,-19.0,326.5261036527943,
2017-05-01,32.61223118,28.33870968,0.010215054,213.2540323,188,-70.0,-2.2684664928163443,
2017-06-01,28.08277778,67.7625,0.240555556,140.7458333,41,-147.0,-25.697811189290064,
2017-07-01,24.13696237,83.88575269,0.348790323,52.97849462,211,170.0,88.40673965297565,
2017-08-01,24.41236559,83.65860215,0.211155914,76.47983871,289,78.0,-243.09370028564285,
2017-09-01,24.61402778,82.62777778,0.251388889,105.5083333,213,-76.0,199.9981555599249,
2017-10-01,23.94314516,68.66263441,0.08938172,146.0860215,228,15.0,84.94941874787457,
2017-11-01,20.84972222,56.10277778,0.001388889,148.6527778,136,-92.0,35.97847696654104,
2017-12-01,19.19153226,50.93817204,0.0,145.9852151,89,-47.0,46.089586793493055,
2018-01-01,18.9186828,41.77553763,0.0,171.4354839,187,98.0,74.16395651694125,
2018-02-01,22.0297619,45.47172619,0.02514881,172.610119,81,-106.0,-252.40749645031087,
2018-03-01,26.98400538,28.28763441,0.000268817,200.7110215,36,-45.0,-115.49179567459089,
2018-04-01,30.00916667,26.775,0.016111111,217.9083333,33,-3.0,151.35289139695578,
2018-05-01,33.51948925,24.69354839,0.008467742,212.7620968,10,-23.0,-36.715565853348735,
2018-06-01,27.84736111,67.15,0.245694444,146.2875,9,-1.0,45.59933789331362,
2018-07-01,24.05873656,87.01612903,0.511021505,42.35080645,12,3.0,-153.08890524782782,
2018-08-01,23.57298387,86.22446237,0.289516129,40.23790323,47,35.0,-295.58793959707236,
2018-09-01,23.66055556,79.33611111,0.154166667,117.2527778,485,438.0,580.6720905978467,
2018-10-01,24.12043011,57.41263441,0.002016129,167.1034946,498,13.0,58.89154362615824,
2018-11-01,21.89680556,52.06388889,0.001111111,158.0777778,145,-353.0,-48.52561906723582,
2018-12-01,17.59032258,53.14784946,0.010349462,137.8736559,606,461.0,598.3750416846292,
2019-01-01,17.46532258,50.41532258,0.013037634,158.7768817,2278,1672.0,1734.7451953193702,
2019-02-01,21.07113095,45.13839286,0.005208333,178.1934524,2847,569.0,1024.0287271146422,
2019-03-01,25.39502688,37.73655914,0.011021505,210.2110215,1369,-1478.0,-428.47690495282063,
2019-04-01,30.84055556,23.97361111,0.004722222,216.8666667,595,-774.0,264.68315971729567,
2019-05-01,33.38548387,22.32123656,0.002150538,223.1142473,266,-329.0,-133.31009433228354,
2019-06-01,31.54402778,48.8625,0.140555556,162.1208333,347,81.0,219.15183820788775,
2019-07-01,24.78965054,84.15994624,0.491129032,69.93817204,784,437.0,349.66623630606796,
2019-08-01,23.52580645,88.64247312,0.41061828,39.54032258,696,-88.0,-216.05663820401696,
2019-09-01,23.38583333,91.28472222,0.595694444,40.92361111,661,-35.0,256.8059844254352,
2019-10-01,22.72836022,78.5188172,0.109274194,113.3266129,171,-490.0,-366.5619162784558,
2019-11-01,21.30736111,70.13055556,0.017222222,140.8986111,107,-64.0,129.19560925290403,
2019-12-01,17.84717742,69.15725806,0.046639785,114.2311828,41,-66.0,-273.2288666963167,
2020-01-01,16.57137097,71.1922043,0.04905914,129.4153226,38,-3.0,-476.0936360461044,
2020-02-01,19.3762931,57.32902299,0.027298851,165.9856322,422,384.0,-98.61833211101555,
2020-03-01,23.40833333,53.31989247,0.030376344,182.1478495,175,-247.0,-273.6270230882503,
2020-04-01,28.84361111,33.98472222,0.013888889,213.3652778,1,-174.0,39.29298321944782,
2020-05-01,31.41854839,33.52284946,0.015053763,227.3655914,0,-1.0,-68.24641595491937,
2020-06-01,26.07847222,77.60972222,0.348888889,89.99027778,0,0.0,-90.84687318747184,
2020-07-01,25.10873656,85.62365591,0.304032258,74.04569892,0,0.0,-280.8170607606458,
2020-08-01,23.70013441,89.86962366,0.872983871,38.52419355,0,0.0,-352.030543417685,
2020-09-01,24.90388889,84.78888889,0.294444444,105.8805556,0,0.0,-42.815691422129596,
2020-10-01,23.95981183,70.91801075,0.072580645,126.5564516,9,9.0,-14.28222888782227,
2020-11-01,20.50513889,57.50138889,0.001805556,155.475,2,-7.0,-30.486180985659118,
2020-12-01,18.65053763,57.56989247,0.007258065,136.4758065,5,3.0,-44.991305001505545,
2021-01-01,19.80766129,54.31854839,0.000672043,146.1801075,18,13.0,-174.69090495304795,
2021-02-01,20.9891369,41.71577381,0.013541667,183.5074405,22,4.0,-313.0906841702382,
2021-03-01,25.88602151,33.1344086,0.003763441,202.9583333,44,22.0,-44.96899725125817,
2021-04-01,29.52638889,22.84166667,0.007361111,222.8055556,37,-7.0,95.37278151474885,
2021-05-01,29.63172043,42.5,0.024462366,189.1344086,32,-5.0,-22.728097535944656,
2021-06-01,26.47902778,73.45277778,0.175138889,102.8569444,49,17.0,12.606906206466718,
2021-07-01,24.85188172,82.52016129,0.393951613,80.58333333,439,390.0,255.724898183393,
2021-08-01,23.94099462,85.24596774,0.323387097,68.18010753,1860,1421.0,1232.6582415457356,
2021-09-01,23.6625,88.20416667,0.382638889,68.66944444,1216,-644.0,-149.11599769333702,
2021-10-01,23.17271505,69.96370968,0.061290323,150.8682796,819,-397.0,365.5511599808025,
2021-11-01,21.66041667,57.15972222,0.003194444,133.2166667,188,-631.0,-328.03405970899166,
2021-12-01,18.32876344,58.19086022,0.024193548,128.7634409,65,-123.0,59.4465019330344,
2022-01-01,16.16733871,67.40456989,0.041129032,135.1612903,26,-39.0,-243.3705609515241,
2022-02-01,19.97440476,47.0327381,0.004464286,176.171131,2,-24.0,-240.840199754099,
2022-03-01,26.74973118,30.25268817,0.001344086,208.2956989,7,5.0,-119.77721893708791,
2022-04-01,31.87638889,21.34861111,0.000277778,222.4583333,11,4.0,74.45976551875174,
2022-05-01,32.38723118,30.6827957,0.005107527,210.6680108,60,49.0,-2.7758536913256933,
2022-06-01,29.11861111,58.25972222,0.232222222,129.6430556,38,-22.0,-46.486279589317306,
2022-07-01,23.93696237,89.62903226,0.790860215,42.72311828,119,81.0,,257.92212836309034
2022-08-01,23.91532258,86.6061828,0.721505376,68.73252688,643,524.0,,820.4136432298722
2022-09-01,23.95986111,84.83055556,0.304444444,90.73472222,293,-350.0,,536.6390545407523
2022-10-01,22.11048387,73.12634409,0.160349462,138.9274194,112,-181.0,,333.3046685002842
2022-11-01,19.5875,55.16805556,0.0,170.9736111,40,-72.0,,126.91127091397266
2022-12-01,19.71048387,56.32258065,0.003629032,143.5967742,51,11.0,,106.08161357306261
2023-01-01,18.79327957,57.2688172,0.000806452,154.5416667,234,183.0,,226.10929152275708
2023-02-01,21.80982143,35.09077381,0.0,202.1964286,325,91.0,,385.9552217801962
2023-03-01,24.24959677,42.6344086,0.024865591,178.6922043,406,81.0,,350.67538227821507
2023-04-01,27.21083333,40.91388889,0.054444444,193.2458333,181,-225.0,,115.60377698152857
2023-05-01,29.20793011,41.88037634,0.031317204,212.8844086,162,-19.0,,75.05283136865002
2023-06-01,29.4625,52.31805556,0.26,153.7097222,183,21.0,,83.31642488207908
