time,tem,hum,pre,rad,ConfirmedCases,Diff,Res,SPred
2015-02-01,27.04479167,77.20386905,0.094196429,197.8943452,1,,1.0,
2015-03-01,27.91505376,74.98521505,0.084139785,205.3024194,0,-1.0,-0.9983788380328286,
2015-04-01,28.39416667,76.74027778,0.065416667,195.0513889,0,0.0,-0.0025599383198036587,
2015-05-01,28.10228495,81.59677419,0.274462366,156.7405914,0,0.0,-0.001053427368750878,
2015-06-01,28.40402778,77.61527778,0.124166667,167.3416667,0,0.0,-0.0004336673315002096,
2015-07-01,27.66438172,79.40456989,0.196774194,150.5026882,5,5.0,4.999821039187168,
2015-08-01,27.33252688,79.92607527,0.378629032,145.7540323,3,-2.0,-1.9839259325284857,
2015-09-01,27.295,82.03611111,0.299861111,150.5791667,11,8.0,8.000149349175265,
2015-10-01,27.34247312,81.72446237,0.499193548,144.8293011,15,4.0,4.025888168269413,
2015-11-01,27.13513889,82.35277778,0.299166667,142.3555556,0,-15.0,-14.97646022932224,
2015-12-01,27.52567204,80.82258065,0.222580645,160.7311828,2,2.0,1.9611584256638714,
2016-01-01,27.59758065,78.7983871,0.200403226,167.2405914,0,-2.0,-2.0097123272992254,
2016-02-01,28.02729885,76.14511494,0.094396552,174.8778736,0,0.0,-0.5084621293139351,
2016-03-01,28.47674731,76.93817204,0.040725806,214.6545699,2,2.0,2.987102138005967,
2016-04-01,28.48402778,80.13333333,0.270555556,179.2569444,0,-2.0,-1.117610572982547,
2016-05-01,28.30739247,82.63709677,0.345698925,135.858871,13,13.0,12.951855712059128,
2016-06-01,28.16902778,80.44027778,0.084861111,156.6,10,-3.0,2.2267429372295595,
2016-07-01,27.39543011,80.81182796,0.32594086,128.5134409,0,-10.0,-11.871521063010087,
2016-08-01,27.15846774,81.28763441,0.416397849,151.0188172,1,1.0,-1.1692114229332438,
2016-09-01,27.23583333,79.54861111,0.130555556,180.2375,0,-1.0,-11.210129741172208,
2016-10-01,26.88897849,81.33467742,0.520698925,135.905914,3,3.0,-7.315403071600247,
2016-11-01,26.7225,81.26527778,0.472083333,129.6361111,4,1.0,9.726408170828428,
2016-12-01,26.97715054,78.72043011,0.177419355,166.3790323,1,-3.0,-2.696776152031757,
2017-01-01,26.77163978,77.84139785,0.035887097,191.8709677,9,8.0,9.51963933326044,
2017-02-01,27.02857143,76.86011905,0.03735119,204.1488095,50,41.0,45.415454947550934,
2017-03-01,27.71102151,76.92876344,0.206451613,201.6989247,229,179.0,199.00725487022754,
2017-04-01,28.24680556,79.43194444,0.09625,203.1652778,25,-204.0,-101.74128936561961,
2017-05-01,27.86962366,81.71774194,0.30672043,139.3413978,6,-19.0,-33.67240027313873,
2017-06-01,27.98430556,77.925,0.057222222,176.5666667,13,7.0,-10.960480686872362,
2017-07-01,27.89274194,78.18951613,0.1,173.6344086,4,-9.0,-19.226515990625856,
2017-08-01,27.7827957,79.96236559,0.092607527,180.5201613,1,-3.0,-17.93742220640266,
2017-09-01,27.39388889,81.40833333,0.259305556,169.3625,14,13.0,-5.497043938332364,
2017-10-01,27.47607527,82.21505376,0.168010753,193.3212366,34,20.0,7.37545069425023,
2017-11-01,26.89402778,82.44166667,0.567916667,98.53888889,6,-28.0,-21.774273455461667,
2017-12-01,26.95967742,79.37768817,0.307526882,158.5739247,31,25.0,14.274653198424794,
2018-01-01,26.7766129,78.72446237,0.091935484,183.4758065,14,-17.0,-17.846714926531817,
2018-02-01,27.15238095,79.6264881,0.199553571,180.3482143,5,-9.0,-40.198561253863005,
2018-03-01,27.75228495,79.79032258,0.062768817,199.3346774,4,-1.0,-103.14854786302634,
2018-04-01,27.64388889,81.03333333,0.278888889,165.3972222,10,6.0,33.21004002642163,
2018-05-01,27.55739247,83.52822581,0.444086022,113.2150538,263,253.0,249.00347605635147,
2018-06-01,27.455,81.29166667,0.151805556,151.8930556,18,-245.0,-119.48112257127588,
2018-07-01,27.44462366,79.3172043,0.214919355,154.8844086,12,-6.0,-11.46054345289673,
2018-08-01,27.61545699,78.13575269,0.049731183,173.608871,5,-7.0,-16.205171586578224,
2018-09-01,27.10555556,80.42777778,0.371388889,163.9763889,4,-1.0,-21.482004877131814,
2018-10-01,27.32056452,79.58602151,0.303629032,160.9798387,5,1.0,-26.64823527703644,
2018-11-01,27.16694444,80.20277778,0.305833333,152.6375,8,3.0,-2.6673393439686066,
2018-12-01,27.10739247,79.45430108,0.106317204,166.1491935,35,27.0,6.212595891976164,
2019-01-01,26.98561828,76.41397849,0.048655914,190.3427419,6,-29.0,-24.52177546008985,
2019-02-01,27.30639881,80.64583333,0.094345238,175.7827381,1,-5.0,-27.885876712932152,
2019-03-01,27.88521505,77.04704301,0.048655914,209.8091398,4,3.0,-64.2101283984709,
2019-04-01,28.55402778,76.94444444,0.092916667,189.2847222,3,-1.0,7.534544768766237,
2019-05-01,28.0577957,81.63172043,0.275403226,159.8319892,5,2.0,-110.2035560249789,
2019-06-01,28.0625,81.34444444,0.157777778,156.8305556,20,15.0,46.23660260454466,
2019-07-01,28.14946237,77.74596774,0.07405914,180.0215054,66,46.0,50.40230797633196,
2019-08-01,28.10389785,77.52150538,0.102688172,165.1774194,0,-66.0,-35.20851581906322,
2019-09-01,27.70138889,79.03472222,0.228194444,149.9694444,0,0.0,-12.374356123584546,
2019-10-01,26.78857527,81.66935484,0.291935484,125.077957,0,0.0,-17.051342461837265,
2019-11-01,26.79180556,84.13333333,0.646805556,126.1777778,0,0.0,-5.384910782237358,
2019-12-01,27.1483871,82.70698925,0.411693548,122.1034946,0,0.0,-25.639058359047347,
2020-01-01,27.58897849,78.55376344,0.081048387,186.4018817,0,0.0,-2.722841454589907,
2020-02-01,27.71364943,78.97270115,0.081321839,204.0574713,0,0.0,-11.690179092582571,
2020-03-01,28.36680108,74.5,0.017607527,214.3010753,0,0.0,-39.887694921907745,
2020-04-01,28.39819444,77.21527778,0.117222222,189.7,0,0.0,5.821062156703358,
2020-05-01,28.20793011,82.56317204,0.318951613,143.7607527,0,0.0,-68.7944120437597,
2020-06-01,28.26527778,79.90972222,0.099722222,167.9819444,0,0.0,12.236911491233904,
2020-07-01,27.98077957,77.87096774,0.15188172,135.1209677,0,0.0,-24.236144916953137,
2020-08-01,27.97862903,76.65725806,0.052553763,186.2217742,0,0.0,10.132257342704,
2020-09-01,27.35263889,80.49305556,0.218333333,160.225,0,0.0,-4.002335230935594,
2020-10-01,27.24677419,82.74327957,0.206989247,170.2069892,0,0.0,-7.039849095409432,
2020-11-01,27.23263889,79.99861111,0.403194444,166.4277778,0,0.0,-0.05502561351287557,
2020-12-01,27.19233871,80.23387097,0.20188172,163.4932796,0,0.0,-12.562419506149302,
2021-01-01,27.29247312,76.76344086,0.135887097,160.6021505,0,0.0,1.365377293513864,
2021-02-01,27.58869048,75.98958333,0.041071429,206.2946429,0,0.0,-4.0387349956962115,
2021-03-01,27.30497312,78.9905914,0.311424731,170.7634409,0,0.0,-21.771314736064458,
2021-04-01,28.09194444,76.17777778,0.02875,216.6555556,0,0.0,6.209306594827907,
2021-05-01,28.16061828,79.63172043,0.300537634,154.1626344,0,0.0,-39.99694430964354,
2021-06-01,28.04319444,77.025,0.021111111,199.9805556,0,0.0,9.739057156871375,
2021-07-01,27.54798387,80.20295699,0.096908602,157.0255376,0,0.0,-12.828464015549626,
2021-08-01,27.50483871,79.00806452,0.113844086,163.6034946,4,4.0,12.276923079224693,
2021-09-01,27.75916667,77.30833333,0.1875,187.8319444,210,206.0,207.78969314374766,
2021-10-01,27.7219086,79.03763441,0.088978495,195.0080645,554,344.0,460.65166420048786,
2021-11-01,27.6125,78.68888889,0.099722222,169.9472222,127,-427.0,-113.63680937183398,
2021-12-01,26.97715054,80.62768817,0.186155914,168.25,19,-108.0,-52.449735516610076,
2022-01-01,27.22849462,76.98252688,0.057795699,198.6102151,3,-16.0,-14.886101897620549,
2022-02-01,27.58392857,75.57291667,0.027678571,209.3318452,0,-3.0,-14.64677632752047,
2022-03-01,27.91989247,74.26209677,0.025403226,219.1169355,1,1.0,-23.001862956037577,
2022-04-01,28.40361111,75.80555556,0.157222222,212.4,0,-1.0,-6.905803565809046,
2022-05-01,27.97553763,81.50268817,0.282526882,138.5174731,4,4.0,-30.917109590110798,
2022-06-01,27.90152778,78.25555556,0.0775,177.0930556,8,4.0,2.3217814849424565,
2022-07-01,27.39973118,80.4516129,0.345026882,120.4623656,3,-5.0,,21.20959379525832
2022-08-01,27.10981183,80.74865591,0.222043011,157.3602151,51,48.0,,15.225265695783747
2022-09-01,26.96763889,79.89166667,0.343472222,183.7166667,59,8.0,,95.60565821495526
2022-10-01,26.88413978,81.65994624,0.289516129,161.1801075,10,-49.0,,228.21833837046816
2022-11-01,26.70055556,81.62777778,0.282916667,158.5791667,11,1.0,,64.53943405250982
2022-12-01,26.75026882,80.67876344,0.206854839,152.0241935,9,-2.0,,27.704840551160544
2023-01-01,26.70967742,76.71774194,0.091263441,188.8817204,22,13.0,,18.182232067883888
2023-02-01,27.13214286,75.01190476,0.025892857,200.9255952,6,-16.0,,17.866011603546998
2023-03-01,27.20443548,81.22715054,0.174327957,177.5120968,33,27.0,,25.38582969108306
2023-04-01,27.78263889,79.54861111,0.154166667,200.9055556,11,-22.0,,17.369387070673213
2023-05-01,27.78830645,82.65322581,0.370967742,158.9233871,49,38.0,,33.52311507495526
2023-06-01,28.11541667,79.775,0.143055556,143.8597222,51,2.0,,22.24563718944875
